23
41
231
241
243
431
432
2431
2431
2481
4312
4312
4312
23431
24141
24313
24317
24341
24371
24381
24531
25431
25817
29431
29538
41241
42431
43121
43127
43812
45312
124835
234231
235431
241241
241341
241431
242141
242321
242431
242537
243121
243123
243131
243213
243231
243413
243431
243431
243817
245381
245431
294531
294587
412412
413412
414312
421431
424141
424312
431212
431312
431721
431727
434231
434281
434312
454312
494931
934231
945381
2342317
2343131
2412431
2413431
2414141
2414321
2421241
2421431
2423431
2424141
2424531
2429431
2431213
2431285
2431317
2431327
2431341
2431431
2432431
2434231
2434231
2434313
2434321
2435431
2439231
2452431
2453431
2453817
2491241
2491418
2523213
2542373
2542431
2934231
2943431
2943817
2945381
2953131
4212431
4214312
4231212
4234231
4241341
4241412
4249341
4249851
4254231
4254931
4312312
4313172
4317212
4321312
4324312
4325312
4342312
4343132
4343212
4354312
4381212
4743841
9438351
12423423
12431343
12948357
14234243
23423431
23425431
23549231
24124318
24134231
24141431
24143121
24145431
24212431
24212451
24214321
24234231
24241341
24243431
24249851
24254317
24254931
24274141
24294531
24312131
24312141
24312151
24312183
24312341
24312831
24313431
24314141
24315431
24342317
24342381
24342431
24342431
24342931
24343124
24343131
24349231
24372131
24387851
24392381
24392431
24523173
24537312
24712431
24834231
24912431
24914318
29342431
29349231
29392431
29397381
29431213
29434231
29453431
29453817
34234312
34241212
34243172
34324312
41243121
41323412
42124312
42317212
42342312
42342431
42348341
42413412
42431312
42431341
42431431
42431541
42434231
43121312
43124212
43131212
43138172
43172132
43213172
43424312
43817212
47254841
47593841
49493172
52437312
214543121
214543127
219491341
234234231
234243431
239328341
241243121
241341341
241341431
241343141
241413431
241431341
242125431
242143121
242387851
242413431
242431341
242431431
243121341
243121343
243121357
243121431
243134141
243141341
243141431
243143141
243171351
243172131
243172135
243172151
243172183
243172737
243174215
243421431
243423431
243423817
243424317
243424381
243427531
243431341
243474531
243492317
243492381
243497231
243542431
243549231
243721431
243972381
245378312
245424317
247493431
247598341
248549231
249124321
251392531
291241841
291249851
293425381
293497231
293925317
293972381
293972531
294342381
294342431
294342731
294349231
297413431
342342312
342343172
354234312
394321312
413412412
414141412
421259851
423424312
423492312
423492431
424134312
424313412
424313431
424315431
428512412
431342312
431343121
431454312
431783172
434243172
434312912
434924372
475983431
493493127
919414841
1424134312
2124313431
2142431341
2194313431
2342342431
2342431231
2342432131
2412431341
2413413431
2413431341
2413431431
2414313431
2421243121
2421248431
2423172135
2423172151
2423424313
2423431321
2423839341
2424313431
2424315431
2424371341
2425431821
2427598341
2427598431
2431213431
2431252134
2431341272
2431341341
2431341431
2431343141
2431349312
2431413431
2431431341
2431721431
2431742151
2432432131
2434243431
2434275381
2434923817
2434974531
2435423817
2438121431
2438542431
2438721351
2439725381
2452431713
2454231713
2471414141
2472543841
2542437131
2912413431
2924313431
2943421431
2975431571
3423413212
3423431212
3424341212
3425431212
3493431212
4124141412
4124748512
4139413272
4141248412
4212431212
4212914851
4234243132
4241342312
4241342317
4243134312
4243423132
4243423172
4254231212
4254313272
4313423412
4342312417
4342438172
4342543172
4354923172
4354924312
4743134121
4934231321
4934238182
4934243121
5324317312
21242342313
21424313431
23423431327
23424312131
23424312181
23425413121
23425431327
24134313431
24212414141
24212543818
24214313431
24219413431
24231721431
24238121431
24241342313
24243424313
24274383431
24275938481
24275948431
24312421343
24313413431
24313423121
24313431341
24317213431
24317273431
24324312381
24342431231
24342432131
24342434231
24343127183
24349245381
24349432981
24381713431
24381721351
24387213431
24394312181
24394312981
24394314281
24395312181
24542431713
24745938341
24832431281
24839431481
24894319281
29839531281
34231393282
34231393912
34234313212
34243431212
34254131212
34313432382
34934131212
41241248512
42124141431
42124313431
42129148531
42431342312
42432134312
42434231212
42434243121
42434243171
42494313431
42543132172
42594313431
43134312412
43134312912
43423217417
43542343172
43549238172
47142341412
53243171312
142413413212
212423492313
214234231341
234234313217
234241343137
234243134121
234254313217
234943142181
241394312181
241395319281
241425431327
242124143141
242124184313
242317213431
242381713431
242381721351
242431342313
242542431821
243121312131
243134313431
243423431321
243424312131
243424312181
243492753817
243494312131
243494312981
243943142181
247259483431
248394312981
248394319281
248394319781
248494319281
248494319787
294349725381
298395314281
342313423124
342341312124
342434131212
343134524312
421242124141
421291241341
421324313932
421421241341
421421241431
421421248431
423423131212
423424313121
423424318212
424134313212
424313423121
424342431212
424349313121
425423131212
434234313712
434243431212
434243431812
435492438172
549193713124
593853781927
2142342313431
2142431413431
2412454314371
2413424314231
2413494314231
2413494314238
2413494314281
2421243134231
2424134243121
2424342431821
2431424312381
2431494312131
2431593727141
2434243124131
2434924312131
2434943124131
2435924312131
2439531242181
2483943192181
2483945319281
4143424312421
4212412413431
4212414313412
4214212438431
4214242313412
4214243134317
4242141341431
4243423131212
4342434131212
4383437129212
24124214313431
24212412431431
24212459481431
24314943194181
24324312131341
24342434313121
24349243121831
29742143134841
42142124314312
59385371812927
219234931343121
242124212431341
242124212438431
242124313431231
242142124313431
242724383531781
243492431278387
243592431278381
248349453124281
421242124314312
2421242124313431
2421297484313431
24125493184317181
34274234231341272
42342313423121421
242124543134317181
